7 0.342754 0.446591 0.0797101 0.156818
2 0.655072 0.560227 0.0550725 0.0386364
2 0.642754 0.528409 0.0594203 0.0931818
2 0.594203 0.411364 0.057971 0.0636364
2 0.343478 0.443182 0.0811594 0.145455
2 0.614493 0.488636 0.057971 0.1
2 0.460145 0.642045 0.1 0.143182
2 0.310145 0.578409 0.0782609 0.129545
2 0.481159 0.409091 0.0637681 0.0863636
2 0.475362 0.718182 0.104348 0.154545
2 0.293478 0.621591 0.0855072 0.147727
2 0.239855 0.697727 0.102899 0.177273
2 0.465942 0.496591 0.0768116 0.102273
2 0.644203 0.643182 0.102899 0.136364
2 0.468116 0.839773 0.127536 0.179545
2 0.705072 0.747727 0.117391 0.168182
2 0.771015 0.921591 0.13913 0.143182
2 0.181159 0.893182 0.171014 0.204545
7 0.342754 0.446591 0.0797101 0.156818
2 0.655072 0.560227 0.0550725 0.0386364
2 0.642754 0.528409 0.0594203 0.0931818
2 0.594203 0.411364 0.057971 0.0636364
2 0.343478 0.443182 0.0811594 0.145455
2 0.614493 0.488636 0.057971 0.1
2 0.460145 0.642045 0.1 0.143182
2 0.310145 0.578409 0.0782609 0.129545
2 0.481159 0.409091 0.0637681 0.0863636
2 0.475362 0.718182 0.104348 0.154545
2 0.293478 0.621591 0.0855072 0.147727
2 0.239855 0.697727 0.102899 0.177273
2 0.465942 0.496591 0.0768116 0.102273
2 0.644203 0.643182 0.102899 0.136364
2 0.468116 0.839773 0.127536 0.179545
2 0.705072 0.747727 0.117391 0.168182
2 0.771015 0.921591 0.13913 0.143182
2 0.181159 0.893182 0.171014 0.204545
7 0.342754 0.446591 0.0797101 0.156818
2 0.655072 0.560227 0.0550725 0.0386364
2 0.642754 0.528409 0.0594203 0.0931818
2 0.594203 0.411364 0.057971 0.0636364
2 0.343478 0.443182 0.0811594 0.145455
2 0.614493 0.488636 0.057971 0.1
2 0.460145 0.642045 0.1 0.143182
2 0.310145 0.578409 0.0782609 0.129545
2 0.481159 0.409091 0.0637681 0.0863636
2 0.475362 0.718182 0.104348 0.154545
2 0.293478 0.621591 0.0855072 0.147727
2 0.239855 0.697727 0.102899 0.177273
2 0.465942 0.496591 0.0768116 0.102273
2 0.644203 0.643182 0.102899 0.136364
2 0.468116 0.839773 0.127536 0.179545
2 0.705072 0.747727 0.117391 0.168182
2 0.771015 0.921591 0.13913 0.143182
2 0.181159 0.893182 0.171014 0.204545
7 0.342754 0.446591 0.0797101 0.156818
2 0.655072 0.560227 0.0550725 0.0386364
2 0.642754 0.528409 0.0594203 0.0931818
2 0.594203 0.411364 0.057971 0.0636364
2 0.343478 0.443182 0.0811594 0.145455
2 0.614493 0.488636 0.057971 0.1
2 0.460145 0.642045 0.1 0.143182
2 0.310145 0.578409 0.0782609 0.129545
2 0.481159 0.409091 0.0637681 0.0863636
2 0.475362 0.718182 0.104348 0.154545
2 0.293478 0.621591 0.0855072 0.147727
2 0.239855 0.697727 0.102899 0.177273
2 0.465942 0.496591 0.0768116 0.102273
2 0.644203 0.643182 0.102899 0.136364
2 0.468116 0.839773 0.127536 0.179545
2 0.705072 0.747727 0.117391 0.168182
2 0.771015 0.921591 0.13913 0.143182
2 0.181159 0.893182 0.171014 0.204545
7 0.342754 0.446591 0.0797101 0.156818
2 0.655072 0.560227 0.0550725 0.0386364
2 0.642754 0.528409 0.0594203 0.0931818
2 0.594203 0.411364 0.057971 0.0636364
2 0.343478 0.443182 0.0811594 0.145455
2 0.614493 0.488636 0.057971 0.1
2 0.460145 0.642045 0.1 0.143182
2 0.310145 0.578409 0.0782609 0.129545
2 0.481159 0.409091 0.0637681 0.0863636
2 0.475362 0.718182 0.104348 0.154545
2 0.293478 0.621591 0.0855072 0.147727
2 0.239855 0.697727 0.102899 0.177273
2 0.465942 0.496591 0.0768116 0.102273
2 0.644203 0.643182 0.102899 0.136364
2 0.468116 0.839773 0.127536 0.179545
2 0.705072 0.747727 0.117391 0.168182
2 0.771015 0.921591 0.13913 0.143182
2 0.181159 0.893182 0.171014 0.204545
